Traj No. 1
Traj No.1 pathpoint 0
motoman_mh50_link_1_s position :    1    0 1.04
motoman_mh50_link_1_s rotation matrix : 1 0 0
0 1 0
0 0 1
motoman_mh50_link_2_l position : 1.145     0  1.04
motoman_mh50_link_2_l rotation matrix : 1 0 0
0 1 0
0 0 1
motoman_mh50_link_3_u position : 1.145     0  1.91
motoman_mh50_link_3_u rotation matrix : 1 0 0
0 1 0
0 0 1
motoman_mh50_link_4_r position : 2.17    0 2.12
motoman_mh50_link_4_r rotation matrix : 1 0 0
0 1 0
0 0 1
motoman_mh50_link_5_b position : 2.17    0 2.12
motoman_mh50_link_5_b rotation matrix : 1 0 0
0 1 0
0 0 1
motoman_mh50_link_6_t position : 2.17    0 2.12
motoman_mh50_link_6_t rotation matrix : 1 0 0
0 1 0
0 0 1
Traj No.1 pathpoint 1
motoman_mh50_link_1_s position :    1    0 1.04
motoman_mh50_link_1_s rotation matrix :   0.999032  0.0439984          0
-0.0439984   0.999032          0
         0          0          1
motoman_mh50_link_2_l position :     1.14486 -0.00637977        1.04
motoman_mh50_link_2_l rotation matrix :     0.998829    0.0439984    0.0200986
  -0.0439895     0.999032 -0.000885162
   -0.020118            0     0.999798
motoman_mh50_link_3_u position :     1.16235 -0.00714986     1.90982
motoman_mh50_link_3_u rotation matrix :     0.998793    0.0439984    0.0218453
  -0.0439879     0.999032  -0.00096209
  -0.0218665 -3.57645e-16     0.999761
motoman_mh50_link_4_r position :     2.1907 -0.0524395    2.09736
motoman_mh50_link_4_r rotation matrix :   0.998793  0.0453042  0.0189896
-0.0439879   0.996929 -0.0647893
-0.0218665  0.0638758   0.997718
motoman_mh50_link_5_b position :     2.1907 -0.0524395    2.09736
motoman_mh50_link_5_b rotation matrix :   0.998103  0.0453042  0.0416938
-0.0425034   0.996929 -0.0657727
-0.0445455  0.0638758   0.996963
motoman_mh50_link_6_t position :     2.1907 -0.0524395    2.09736
motoman_mh50_link_6_t rotation matrix :    0.998103   0.0423767   0.0446661
 -0.0425034    0.999095  0.00189161
 -0.0445455 -0.00378648       0.999
Traj No.1 pathpoint 2
motoman_mh50_link_1_s position :    1    0 1.04
motoman_mh50_link_1_s rotation matrix :   0.996128  0.0879116          0
-0.0879116   0.996128          0
         0          0          1
motoman_mh50_link_2_l position :    1.14444 -0.0127472       1.04
motoman_mh50_link_2_l rotation matrix :    0.995322   0.0879116   0.0400722
 -0.0878404    0.996128  -0.0035365
  -0.040228 1.29507e-19    0.999191
motoman_mh50_link_3_u position :     1.1793 -0.0158239     1.9093
motoman_mh50_link_3_u rotation matrix :    0.995176   0.0879116   0.0435532
 -0.0878275    0.996128 -0.00384372
 -0.0437225           0    0.999044
motoman_mh50_link_4_r position :    2.2085 -0.106654   2.07428
motoman_mh50_link_4_r rotation matrix :   0.995176  0.0927478  0.0319871
-0.0878275   0.987506   -0.13084
-0.0437225   0.127399   0.990887
motoman_mh50_link_5_b position :    2.2085 -0.106654   2.07428
motoman_mh50_link_5_b rotation matrix :   0.992693  0.0927478  0.0771961
-0.0817886   0.987506  -0.134697
-0.0887244   0.127399   0.987875
motoman_mh50_link_6_t position :    2.2085 -0.106654   2.07428
motoman_mh50_link_6_t rotation matrix :     0.992693    0.0814655    0.0890212
  -0.0817886      0.99665 -1.84153e-05
  -0.0887244  -0.00726263      0.99603
Traj No.1 pathpoint 3
motoman_mh50_link_1_s position :    1    0 1.04
motoman_mh50_link_1_s rotation matrix :  0.991296  0.131655         0
-0.131655  0.991296         0
        0         0         1
motoman_mh50_link_2_l position :    1.14374 -0.0190899       1.04
motoman_mh50_link_2_l rotation matrix :    0.989491    0.131655   0.0597965
  -0.131415    0.991296 -0.00794161
 -0.0603216 -1.9082e-17    0.998179
motoman_mh50_link_3_u position :    1.19576 -0.0259991    1.90842
motoman_mh50_link_3_u rotation matrix :     0.989163     0.131655     0.064987
   -0.131371     0.991296  -0.00863096
  -0.0655576 -6.68669e-17     0.997849
motoman_mh50_link_4_r position :    2.2233 -0.162467   2.05077
motoman_mh50_link_4_r rotation matrix :   0.989163   0.141629   0.038698
 -0.131371   0.971472  -0.197443
-0.0655576    0.19022    0.97955
motoman_mh50_link_5_b position :    2.2233 -0.162467   2.05077
motoman_mh50_link_5_b rotation matrix :  0.984225  0.141629  0.106032
-0.117607  0.971472 -0.205939
-0.132174   0.19022  0.972803
motoman_mh50_link_6_t position :    2.2233 -0.162467   2.05077
motoman_mh50_link_6_t rotation matrix :    0.984225    0.117301    0.132446
  -0.117607    0.993045 -0.00553566
  -0.132174  -0.0101283    0.991175
Traj No.1 pathpoint 4
motoman_mh50_link_1_s position :    1    0 1.04
motoman_mh50_link_1_s rotation matrix :  0.984543  0.175142         0
-0.175142  0.984543         0
        0         0         1
motoman_mh50_link_2_l position :    1.14276 -0.0253957       1.04
motoman_mh50_link_2_l rotation matrix :   0.981357   0.175142  0.0791482
 -0.174576   0.984543 -0.0140798
-0.0803908          0   0.996763
motoman_mh50_link_3_u position :    1.21162 -0.0376451    1.90718
motoman_mh50_link_3_u rotation matrix :   0.980779   0.175142  0.0860111
 -0.174473   0.984543 -0.0153007
-0.0873614          0   0.996177
motoman_mh50_link_4_r position :   2.23498 -0.219693   2.02684
motoman_mh50_link_4_r rotation matrix :   0.980779   0.191204  0.0389097
 -0.174473   0.948652  -0.263853
-0.0873614   0.251993   0.963778
motoman_mh50_link_5_b position :   2.23498 -0.219693   2.02684
motoman_mh50_link_5_b rotation matrix :  0.973191  0.191204  0.127832
-0.149786  0.948652  -0.27861
-0.174539  0.251993  0.951859
motoman_mh50_link_6_t position :   2.23498 -0.219693   2.02684
motoman_mh50_link_6_t rotation matrix :   0.973191   0.149989   0.174365
 -0.149786   0.988614 -0.0144002
 -0.174539 -0.0121032   0.984576
Traj No.1 pathpoint 5
motoman_mh50_link_1_s position :    1    0 1.04
motoman_mh50_link_1_s rotation matrix :  0.975884  0.218291         0
-0.218291  0.975884         0
        0         0         1
motoman_mh50_link_2_l position :     1.1415 -0.0316522       1.04
motoman_mh50_link_2_l rotation matrix :     0.97095    0.218291   0.0980055
  -0.217188    0.975884  -0.0219224
  -0.100427 1.04475e-16    0.994944
motoman_mh50_link_3_u position :    1.22677 -0.0507247     1.9056
motoman_mh50_link_3_u rotation matrix :   0.970056   0.218291   0.106492
 -0.216988   0.975884 -0.0238207
 -0.109123  4.649e-18   0.994028
motoman_mh50_link_4_r position :   2.24344 -0.278139    2.0025
motoman_mh50_link_4_r rotation matrix :  0.970056  0.240698 0.0324973
-0.216988  0.918958 -0.329291
-0.109123   0.31238  0.943669
motoman_mh50_link_5_b position :   2.24344 -0.278139    2.0025
motoman_mh50_link_5_b rotation matrix :  0.960106  0.240698  0.142338
-0.178229  0.918958 -0.351782
-0.215476   0.31238  0.925197
motoman_mh50_link_6_t position :   2.24344 -0.278139    2.0025
motoman_mh50_link_6_t rotation matrix :   0.960106   0.179694   0.214256
 -0.178229   0.983637 -0.0262994
 -0.215476 -0.0129365   0.976423
Traj No.1 pathpoint 6
motoman_mh50_link_1_s position :    1    0 1.04
motoman_mh50_link_1_s rotation matrix :  0.965334  0.261017         0
-0.261017  0.965334         0
        0         0         1
motoman_mh50_link_2_l position :    1.13997 -0.0378475       1.04
motoman_mh50_link_2_l rotation matrix :   0.958309   0.261017   0.116249
 -0.259118   0.965334 -0.0314326
 -0.120423          0   0.992723
motoman_mh50_link_3_u position :    1.24111 -0.0651938    1.90367
motoman_mh50_link_3_u rotation matrix :   0.957037   0.261017   0.126298
 -0.258773   0.965334 -0.0341497
 -0.130833          0   0.991404
motoman_mh50_link_4_r position :   2.24859 -0.337608   1.97776
motoman_mh50_link_4_r rotation matrix :  0.957037  0.289316  0.019428
-0.258773  0.882393 -0.392962
-0.130833  0.371051  0.919349
motoman_mh50_link_5_b position :   2.24859 -0.337608   1.97776
motoman_mh50_link_5_b rotation matrix :  0.945501  0.289316  0.149412
-0.202923  0.882393 -0.424506
-0.254657  0.371051  0.893012
motoman_mh50_link_6_t position :   2.24859 -0.337608   1.97776
motoman_mh50_link_6_t rotation matrix :   0.945501   0.206627    0.25166
 -0.202923   0.978341 -0.0408813
 -0.254657 -0.0124142   0.966952
Traj No.1 pathpoint 7
motoman_mh50_link_1_s position :    1    0 1.04
motoman_mh50_link_1_s rotation matrix :  0.952915  0.303237         0
-0.303237  0.952915         0
        0         0         1
motoman_mh50_link_2_l position :    1.13817 -0.0439694       1.04
motoman_mh50_link_2_l rotation matrix :      0.94348     0.303237     0.133761
   -0.300235     0.952915   -0.0425657
   -0.140371 -5.34528e-17     0.990099
motoman_mh50_link_3_u position :    1.25455 -0.0810016    1.90139
motoman_mh50_link_3_u rotation matrix :   0.941772   0.303237   0.145301
 -0.299692   0.952915 -0.0462378
  -0.15248          0   0.988306
motoman_mh50_link_4_r position :   2.25037 -0.397895   1.95264
motoman_mh50_link_4_r rotation matrix :     0.941772     0.336252 -0.000235705
   -0.299692     0.839056    -0.454059
    -0.15248     0.427691     0.890971
motoman_mh50_link_5_b position :   2.25037 -0.397895   1.95264
motoman_mh50_link_5_b rotation matrix :  0.929905  0.336252  0.149037
-0.223936  0.839056  -0.49582
-0.291771  0.427691  0.855541
motoman_mh50_link_6_t position :   2.25037 -0.397895   1.95264
motoman_mh50_link_6_t rotation matrix :   0.929905   0.231034   0.286182
 -0.223936    0.97289 -0.0577685
 -0.291771 -0.0103672   0.956432
Traj No.1 pathpoint 8
motoman_mh50_link_1_s position :    1    0 1.04
motoman_mh50_link_1_s rotation matrix :   0.93865  0.344871         0
-0.344871   0.93865         0
        0         0         1
motoman_mh50_link_2_l position :     1.1361 -0.0500062       1.04
motoman_mh50_link_2_l rotation matrix :   0.926518   0.344871   0.150429
 -0.340413    0.93865 -0.0552694
 -0.160261          0   0.987075
motoman_mh50_link_3_u position :    1.26698 -0.0980906    1.89875
motoman_mh50_link_3_u rotation matrix :    0.924323    0.344871    0.163377
  -0.339606     0.93865  -0.0600264
  -0.174055 1.00302e-17    0.984736
motoman_mh50_link_4_r position :   2.24872 -0.458793   1.92714
motoman_mh50_link_4_r rotation matrix :   0.924323   0.380702 -0.0263343
 -0.339606   0.789143  -0.511782
 -0.174055   0.481995   0.858712
motoman_mh50_link_5_b position :   2.24872 -0.458793   1.92714
motoman_mh50_link_5_b rotation matrix :  0.913836  0.380702  0.141316
-0.241418  0.789143 -0.564774
 -0.32653  0.481995  0.813056
motoman_mh50_link_6_t position :   2.24872 -0.458793   1.92714
motoman_mh50_link_6_t rotation matrix :    0.913836    0.253182    0.317495
  -0.241418    0.967396  -0.0765709
   -0.32653 -0.00667586    0.945163
Traj No.1 pathpoint 9
motoman_mh50_link_1_s position :    1    0 1.04
motoman_mh50_link_1_s rotation matrix :  0.922568  0.385836         0
-0.385836  0.922568         0
        0         0         1
motoman_mh50_link_2_l position :    1.13377 -0.0559462       1.04
motoman_mh50_link_2_l rotation matrix :     0.907484     0.385836     0.166142
   -0.379528     0.922568   -0.0694839
   -0.180087 -9.16568e-18     0.983651
motoman_mh50_link_3_u position :   1.27832 -0.116397   1.89578
motoman_mh50_link_3_u rotation matrix :   0.904757   0.385836   0.180404
 -0.378387   0.922568 -0.0754486
 -0.195546          0   0.980695
motoman_mh50_link_4_r position :   2.24358 -0.520088   1.90129
motoman_mh50_link_4_r rotation matrix :   0.904757   0.421876 -0.0586107
 -0.378387   0.732947  -0.565342
 -0.195546   0.533675   0.822772
motoman_mh50_link_5_b position :   2.24358 -0.520088   1.90129
motoman_mh50_link_5_b rotation matrix :  0.897788  0.421876  0.126478
-0.255602  0.732947 -0.630441
 -0.35867  0.533675  0.765864
motoman_mh50_link_6_t position :   2.24358 -0.520088   1.90129
motoman_mh50_link_6_t rotation matrix :   0.897788   0.273349   0.345336
 -0.255602   0.961914  -0.096898
  -0.35867 -0.0012744   0.933464
Traj No.1 pathpoint 10
motoman_mh50_link_1_s position :    1    0 1.04
motoman_mh50_link_1_s rotation matrix :  0.904698  0.426054         0
-0.426054  0.904698         0
        0         0         1
motoman_mh50_link_2_l position :    1.13118 -0.0617778       1.04
motoman_mh50_link_2_l rotation matrix :   0.886449   0.426054   0.180794
 -0.417459   0.904698 -0.0851423
 -0.199839          0   0.979829
motoman_mh50_link_3_u position :   1.28847 -0.135852   1.89245
motoman_mh50_link_3_u rotation matrix :   0.883152   0.426054   0.196268
 -0.415907   0.904698 -0.0924295
 -0.216943          0   0.976184
motoman_mh50_link_4_r position :   2.23492 -0.581566   1.87508
motoman_mh50_link_4_r rotation matrix :   0.883152    0.45901 -0.0967113
 -0.415907   0.670857   -0.61398
 -0.216943   0.582461   0.783374
motoman_mh50_link_5_b position :   2.23492 -0.581566   1.87508
motoman_mh50_link_5_b rotation matrix :   0.88222   0.45901  0.104868
-0.266791  0.670857 -0.691934
-0.387956  0.582461  0.714304
motoman_mh50_link_6_t position :   2.23492 -0.581566   1.87508
motoman_mh50_link_6_t rotation matrix :    0.88222   0.291812   0.369503
 -0.266791   0.956458  -0.118369
 -0.387956 0.00584704   0.921659
Traj No.1 pathpoint 11
motoman_mh50_link_1_s position :    1    0 1.04
motoman_mh50_link_1_s rotation matrix :  0.885076  0.465446         0
-0.465446  0.885076         0
        0         0         1
motoman_mh50_link_2_l position :    1.12834 -0.0674897       1.04
motoman_mh50_link_2_l rotation matrix :     0.863489     0.465446     0.194284
   -0.454094     0.885076    -0.102171
   -0.219511 -3.25261e-17      0.97561
motoman_mh50_link_3_u position :   1.29736 -0.156378   1.88878
motoman_mh50_link_3_u rotation matrix :  0.859592  0.465446  0.210858
-0.452045  0.885076 -0.110887
-0.238237         0  0.971207
motoman_mh50_link_4_r position :  2.22273 -0.64301  1.84854
motoman_mh50_link_4_r rotation matrix :  0.859592  0.491374 -0.140188
-0.452045  0.603356 -0.656976
-0.238237  0.628103  0.740763
motoman_mh50_link_5_b position :  2.22273 -0.64301  1.84854
motoman_mh50_link_5_b rotation matrix :  0.867543  0.491374 0.0769436
-0.275361  0.603356 -0.748424
 -0.41418  0.628103  0.658743
motoman_mh50_link_6_t position :  2.22273 -0.64301  1.84854
motoman_mh50_link_6_t rotation matrix :  0.867543  0.308841  0.389854
-0.275361  0.951001 -0.140618
 -0.41418 0.0146421  0.910077
Traj No.1 pathpoint 12
motoman_mh50_link_1_s position :    1    0 1.04
motoman_mh50_link_1_s rotation matrix :   0.86374  0.503937         0
-0.503937   0.86374         0
        0         0         1
motoman_mh50_link_2_l position :    1.12524 -0.0730709       1.04
motoman_mh50_link_2_l rotation matrix :  0.838689  0.503937  0.206515
-0.489321   0.86374 -0.120489
-0.239094         0  0.970996
motoman_mh50_link_3_u position :   1.30491 -0.177896   1.88477
motoman_mh50_link_3_u rotation matrix :   0.83417  0.503937  0.224069
-0.486685   0.86374  -0.13073
-0.259417         0  0.965765
motoman_mh50_link_4_r position :   2.20699 -0.704202   1.82167
motoman_mh50_link_4_r rotation matrix :   0.83417  0.518291 -0.188505
-0.486685  0.531016 -0.693657
-0.259417   0.67037  0.695202
motoman_mh50_link_5_b position :   2.20699 -0.704202   1.82167
motoman_mh50_link_5_b rotation matrix :  0.854109  0.518291 0.0432691
-0.281747  0.531016  -0.79915
-0.437169   0.67037  0.599572
motoman_mh50_link_6_t position :   2.20699 -0.704202   1.82167
motoman_mh50_link_6_t rotation matrix :  0.854109  0.324692  0.406292
-0.281747  0.945489 -0.163306
-0.437169 0.0250096  0.899032
Traj No.1 pathpoint 13
motoman_mh50_link_1_s position :    1    0 1.04
motoman_mh50_link_1_s rotation matrix :  0.840731  0.541453         0
-0.541453  0.840731         0
        0         0         1
motoman_mh50_link_2_l position :    1.12191 -0.0785106       1.04
motoman_mh50_link_2_l rotation matrix :     0.812138     0.541453     0.217397
   -0.523038     0.840731    -0.140009
    -0.25858 -4.07698e-16      0.96599
motoman_mh50_link_3_u position :   1.31104 -0.200318   1.88041
motoman_mh50_link_3_u rotation matrix :     0.806986     0.541453     0.235803
    -0.51972     0.840731    -0.151863
   -0.280473 -3.72326e-16     0.959862
motoman_mh50_link_4_r position :   2.18772 -0.764922    1.7945
motoman_mh50_link_4_r rotation matrix :  0.806986  0.539142 -0.241038
 -0.51972  0.454493 -0.723414
-0.280473  0.709057  0.646972
motoman_mh50_link_5_b position :   2.18772 -0.764922    1.7945
motoman_mh50_link_5_b rotation matrix :   0.842203   0.539142 0.00450354
 -0.286437   0.454493  -0.843439
 -0.456781   0.709057   0.537205
motoman_mh50_link_6_t position :   2.18772 -0.764922    1.7945
motoman_mh50_link_6_t rotation matrix :  0.842203  0.339604  0.418765
-0.286437  0.939848 -0.186115
-0.456781 0.0367968  0.888818
Traj No.1 pathpoint 14
motoman_mh50_link_1_s position :    1    0 1.04
motoman_mh50_link_1_s rotation matrix :  0.816094  0.577919         0
-0.577919  0.816094         0
        0         0         1
motoman_mh50_link_2_l position :    1.11833 -0.0837983       1.04
motoman_mh50_link_2_l rotation matrix :    0.783934    0.577919    0.226843
  -0.555145    0.816094   -0.160639
  -0.277962 3.76116e-16    0.960592
motoman_mh50_link_3_u position :   1.31569 -0.223555   1.87572
motoman_mh50_link_3_u rotation matrix :     0.778145     0.577919     0.245967
   -0.551046     0.816094    -0.174182
   -0.301395 -3.43066e-16     0.953499
motoman_mh50_link_4_r position :   2.16494 -0.824954   1.76702
motoman_mh50_link_4_r rotation matrix :  0.778145  0.553379 -0.297088
-0.551046  0.374521  -0.74571
-0.301395   0.74398  0.596369
motoman_mh50_link_5_b position :   2.16494 -0.824954   1.76702
motoman_mh50_link_5_b rotation matrix :   0.832034   0.553379 -0.0386097
 -0.289959   0.374521  -0.880714
 -0.472909    0.74398   0.472071
motoman_mh50_link_6_t position :   2.16494 -0.824954   1.76702
motoman_mh50_link_6_t rotation matrix :  0.832034    0.3538  0.427253
-0.289959  0.933994 -0.208754
-0.472909 0.0498042  0.879703
Traj No.1 pathpoint 15
motoman_mh50_link_1_s position :    1    0 1.04
motoman_mh50_link_1_s rotation matrix :  0.789876  0.613266         0
-0.613266  0.789876         0
        0         0         1
motoman_mh50_link_2_l position :    1.11453 -0.0889236       1.04
motoman_mh50_link_2_l rotation matrix :     0.754178     0.613266     0.234776
    -0.58555     0.789876    -0.182282
   -0.297231 -2.38524e-18     0.954806
motoman_mh50_link_3_u position :   1.31879 -0.247509   1.87068
motoman_mh50_link_3_u rotation matrix :  0.747761  0.613266  0.254476
-0.580568  0.789876 -0.197578
-0.322172         0  0.946681
motoman_mh50_link_4_r position :   2.13868 -0.884082   1.73926
motoman_mh50_link_4_r rotation matrix :  0.747761  0.560535 -0.355886
-0.580568  0.291901 -0.760089
-0.322172   0.77498  0.543701
motoman_mh50_link_5_b position :   2.13868 -0.884082   1.73926
motoman_mh50_link_5_b rotation matrix :   0.823731   0.560535 -0.0852566
 -0.292872   0.291901  -0.910505
 -0.485483    0.77498   0.404613
motoman_mh50_link_6_t position :   2.13868 -0.884082   1.73926
motoman_mh50_link_6_t rotation matrix :  0.823731  0.367484  0.431768
-0.292872   0.92784 -0.230954
-0.485483 0.0637914  0.871916
Traj No.1 pathpoint 16
motoman_mh50_link_1_s position :    1    0 1.04
motoman_mh50_link_1_s rotation matrix :  0.762129  0.647426         0
-0.647426  0.762129         0
        0         0         1
motoman_mh50_link_2_l position :    1.11051 -0.0938767       1.04
motoman_mh50_link_2_l rotation matrix :   0.72298  0.647426  0.241122
-0.614169  0.762129 -0.204832
-0.316379         0  0.948633
motoman_mh50_link_3_u position :   1.32028 -0.272081   1.86531
motoman_mh50_link_3_u rotation matrix :    0.715951    0.647426    0.261255
  -0.608198    0.762129   -0.221935
  -0.342796 1.94289e-16     0.93941
motoman_mh50_link_4_r position :    2.109 -0.94209  1.71122
motoman_mh50_link_4_r rotation matrix :  0.715951  0.560229 -0.416602
-0.608198  0.207497 -0.766185
-0.342796  0.801928  0.489288
motoman_mh50_link_5_b position :    2.109 -0.94209  1.71122
motoman_mh50_link_5_b rotation matrix :  0.817334  0.560229 -0.134567
-0.295747  0.207497 -0.932458
-0.494469  0.801928   0.33528
motoman_mh50_link_6_t position :    2.109 -0.94209  1.71122
motoman_mh50_link_6_t rotation matrix :  0.817334  0.380848  0.432342
-0.295747  0.921301 -0.252466
-0.494469 0.0784852  0.865645
Traj No.1 pathpoint 17
motoman_mh50_link_1_s position :    1    0 1.04
motoman_mh50_link_1_s rotation matrix :  0.732905  0.680331         0
-0.680331  0.732905         0
        0         0         1
motoman_mh50_link_2_l position :   1.10627 -0.098648      1.04
motoman_mh50_link_2_l rotation matrix :    0.690452    0.680331    0.245816
  -0.640924    0.732905   -0.228183
    -0.3354 5.05069e-17    0.942076
motoman_mh50_link_3_u position :   1.32013 -0.297167   1.85961
motoman_mh50_link_3_u rotation matrix :   0.68284  0.680331  0.266232
-0.633857  0.732905 -0.247134
-0.363256         0  0.931689
motoman_mh50_link_4_r position :   2.07595 -0.998769   1.68292
motoman_mh50_link_4_r rotation matrix :   0.68284  0.552182 -0.478356
-0.633857  0.122219 -0.763733
-0.363256  0.824716  0.433461
motoman_mh50_link_5_b position :   2.07595 -0.998769   1.68292
motoman_mh50_link_5_b rotation matrix :  0.812795  0.552182 -0.185629
 -0.29916  0.122219 -0.946343
-0.499867  0.824716   0.26453
motoman_mh50_link_6_t position :   2.07595 -0.998769   1.68292
motoman_mh50_link_6_t rotation matrix :  0.812795  0.394076  0.429031
 -0.29916    0.9143 -0.273053
-0.499867 0.0935872  0.861031
Traj No.1 pathpoint 18
motoman_mh50_link_1_s position :    1    0 1.04
motoman_mh50_link_1_s rotation matrix :  0.702262  0.711919         0
-0.711919  0.702262         0
        0         0         1
motoman_mh50_link_2_l position :   1.10183 -0.103228      1.04
motoman_mh50_link_2_l rotation matrix :    0.656711    0.711919    0.248801
  -0.665742    0.702262   -0.252222
  -0.354285 -2.8354e-16    0.935138
motoman_mh50_link_3_u position :   1.31828 -0.322662   1.85357
motoman_mh50_link_3_u rotation matrix :    0.648555    0.711919    0.269347
  -0.657474    0.702262   -0.273051
  -0.383542 5.11491e-17    0.923524
motoman_mh50_link_4_r position :  2.03962 -1.05391  1.65438
motoman_mh50_link_4_r rotation matrix :  0.648555  0.536215 -0.540231
-0.657474 0.0370147 -0.752568
-0.383542  0.843269  0.376554
motoman_mh50_link_5_b position :  2.03962 -1.05391  1.65438
motoman_mh50_link_5_b rotation matrix :  0.809977  0.536215 -0.237509
-0.303675 0.0370147 -0.952056
-0.501716  0.843269  0.192816
motoman_mh50_link_6_t position :  2.03962 -1.05391  1.65438
motoman_mh50_link_6_t rotation matrix :  0.809977  0.407348  0.421906
-0.303675  0.906771 -0.292485
-0.501716  0.108783  0.858165
Traj No.1 pathpoint 19
motoman_mh50_link_1_s position :    1    0 1.04
motoman_mh50_link_1_s rotation matrix :  0.670258  0.742128         0
-0.742128  0.670258         0
        0         0         1
motoman_mh50_link_2_l position :   1.09719 -0.107609      1.04
motoman_mh50_link_2_l rotation matrix :      0.62188     0.742128     0.250024
   -0.688562     0.670258    -0.276833
   -0.373026 -2.66178e-16     0.927821
motoman_mh50_link_3_u position :   1.31471 -0.348454    1.8472
motoman_mh50_link_3_u rotation matrix :      0.61323     0.742128     0.270546
   -0.678985     0.670258    -0.299556
   -0.403644 -2.40942e-16     0.914916
motoman_mh50_link_4_r position :  2.00008 -1.10732   1.6256
motoman_mh50_link_4_r rotation matrix :    0.61323   0.512257  -0.601283
 -0.678985 -0.0471413  -0.732637
 -0.403644   0.857537   0.318906
motoman_mh50_link_5_b position :  2.00008 -1.10732   1.6256
motoman_mh50_link_5_b rotation matrix :   0.808652   0.512257  -0.289265
  -0.30983 -0.0471413  -0.949623
 -0.500088   0.857537   0.120592
motoman_mh50_link_6_t position :  2.00008 -1.10732   1.6256
motoman_mh50_link_6_t rotation matrix :  0.808652  0.420844  0.411063
 -0.30983  0.898652 -0.310532
-0.500088  0.123753  0.857087
Traj No.1 pathpoint 20
motoman_mh50_link_1_s position :    1    0 1.04
motoman_mh50_link_1_s rotation matrix : 0.636957   0.7709        0
 -0.7709 0.636957        0
       0        0        1
motoman_mh50_link_2_l position :  1.09236 -0.11178     1.04
motoman_mh50_link_2_l rotation matrix :    0.586082      0.7709    0.249443
  -0.709327    0.636957   -0.301897
  -0.391617 2.50436e-16    0.920128
motoman_mh50_link_3_u position :   1.30937 -0.374431   1.84051
motoman_mh50_link_3_u rotation matrix :  0.577001    0.7709  0.269785
-0.698336  0.636957 -0.326517
-0.423554         0  0.905871
motoman_mh50_link_4_r position :  1.95745 -1.15879   1.5966
motoman_mh50_link_4_r rotation matrix :  0.577001  0.480351 -0.660555
-0.698336 -0.129263 -0.704002
-0.423554  0.867499  0.260861
motoman_mh50_link_5_b position :  1.95745 -1.15879   1.5966
motoman_mh50_link_5_b rotation matrix :  0.808508  0.480351 -0.339966
-0.318121 -0.129263 -0.939196
-0.495089  0.867499 0.0482993
motoman_mh50_link_6_t position :  1.95745 -1.15879   1.5966
motoman_mh50_link_6_t rotation matrix :  0.808508  0.434753  0.396616
-0.318121  0.889886 -0.326958
-0.495089  0.138177  0.857784
Traj No.1 pathpoint 21
motoman_mh50_link_1_s position :    1    0 1.04
motoman_mh50_link_1_s rotation matrix :  0.602422  0.798178         0
-0.798178  0.602422         0
        0         0         1
motoman_mh50_link_2_l position :   1.08735 -0.115736      1.04
motoman_mh50_link_2_l rotation matrix :  0.549447  0.798178  0.247022
-0.727989  0.602422 -0.327292
-0.410049         0  0.912064
motoman_mh50_link_3_u position :  1.30226 -0.40048   1.8335
motoman_mh50_link_3_u rotation matrix :    0.540006    0.798178     0.26703
  -0.715481    0.602422   -0.353801
  -0.443261 2.12886e-16    0.896393
motoman_mh50_link_4_r position :  1.91184 -1.20815   1.5674
motoman_mh50_link_4_r rotation matrix :  0.540006  0.440652  -0.71709
-0.715481 -0.208367 -0.666836
-0.443261   0.87316  0.202759
motoman_mh50_link_5_b position :  1.91184 -1.20815   1.5674
motoman_mh50_link_5_b rotation matrix :   0.809155   0.440652  -0.388709
 -0.328993  -0.208367  -0.921058
  -0.48686    0.87316 -0.0236297
motoman_mh50_link_6_t position :  1.91184 -1.20815   1.5674
motoman_mh50_link_6_t rotation matrix :  0.809155  0.449271  0.378714
-0.328993  0.880413 -0.341521
 -0.48686  0.151749  0.860197
Traj No.1 pathpoint 22
motoman_mh50_link_1_s position :    1    0 1.04
motoman_mh50_link_1_s rotation matrix :   0.56672  0.823911         0
-0.823911   0.56672         0
        0         0         1
motoman_mh50_link_2_l position :   1.08217 -0.119467      1.04
motoman_mh50_link_2_l rotation matrix :    0.512105    0.823911    0.242734
   -0.74451     0.56672   -0.352893
  -0.428315 5.73042e-17     0.90363
motoman_mh50_link_3_u position :   1.29335 -0.426484   1.82616
motoman_mh50_link_3_u rotation matrix :  0.502389  0.823911  0.262253
-0.730385   0.56672 -0.381269
-0.462756         0  0.886486
motoman_mh50_link_4_r position : 1.86337 -1.2552   1.538
motoman_mh50_link_4_r rotation matrix :  0.502389  0.393431 -0.769947
-0.730385 -0.283482  -0.62143
-0.462756  0.874557  0.144938
motoman_mh50_link_5_b position : 1.86337 -1.2552   1.538
motoman_mh50_link_5_b rotation matrix :   0.810127   0.393431  -0.434633
 -0.342822  -0.283482  -0.895606
  -0.47557   0.874557 -0.0947797
motoman_mh50_link_6_t position : 1.86337 -1.2552   1.538
motoman_mh50_link_6_t rotation matrix :  0.810127  0.464607  0.357538
-0.342822  0.870163 -0.353961
 -0.47557  0.164182  0.864221
Traj No.1 pathpoint 23
motoman_mh50_link_1_s position :    1    0 1.04
motoman_mh50_link_1_s rotation matrix :   0.52992  0.848048         0
-0.848048   0.52992         0
        0         0         1
motoman_mh50_link_2_l position :   1.07684 -0.122967      1.04
motoman_mh50_link_2_l rotation matrix :    0.474188    0.848048     0.23656
  -0.758858     0.52992   -0.378575
  -0.446407 2.10843e-16     0.89483
motoman_mh50_link_3_u position :   1.28265 -0.452327    1.8185
motoman_mh50_link_3_u rotation matrix :  0.464292  0.848048  0.255437
-0.743021   0.52992 -0.408784
-0.482029         0  0.876155
motoman_mh50_link_4_r position :  1.81219 -1.29977  1.50841
motoman_mh50_link_4_r rotation matrix :  0.464292   0.33907 -0.818208
-0.743021 -0.353668 -0.568189
-0.482029  0.871752 0.0877308
motoman_mh50_link_5_b position :  1.81219 -1.29977  1.50841
motoman_mh50_link_5_b rotation matrix :  0.810901   0.33907  -0.47694
 -0.35991 -0.353668 -0.863356
-0.461416  0.871752 -0.164755
motoman_mh50_link_6_t position :  1.81219 -1.29977  1.50841
motoman_mh50_link_6_t rotation matrix :  0.810901  0.480979  0.333316
 -0.35991  0.859046 -0.364013
-0.461416  0.175215   0.86971
Traj No.1 pathpoint 24
motoman_mh50_link_1_s position :    1    0 1.04
motoman_mh50_link_1_s rotation matrix :  0.492094  0.870542         0
-0.870542  0.492094         0
        0         0         1
motoman_mh50_link_2_l position :   1.07135 -0.126229      1.04
motoman_mh50_link_2_l rotation matrix :     0.435832     0.870542     0.228489
   -0.771011     0.492094    -0.404209
   -0.464319 -1.99664e-16     0.885668
motoman_mh50_link_3_u position :   1.27014 -0.477891   1.81053
motoman_mh50_link_3_u rotation matrix :  0.425861  0.870542  0.246575
-0.753372  0.492094 -0.436205
-0.501072         0  0.865405
motoman_mh50_link_4_r position : 1.75843 -1.3417 1.47867
motoman_mh50_link_4_r rotation matrix :  0.425861  0.278062 -0.861002
-0.753372 -0.418025 -0.507628
-0.501072  0.864833 0.0314636
motoman_mh50_link_5_b position : 1.75843 -1.3417 1.47867
motoman_mh50_link_5_b rotation matrix :  0.810898  0.278062 -0.514905
-0.380468 -0.418025 -0.824924
-0.444623  0.864833 -0.233182
motoman_mh50_link_6_t position : 1.75843 -1.3417 1.47867
motoman_mh50_link_6_t rotation matrix :  0.810898  0.498608  0.306326
-0.380468  0.846939 -0.371401
-0.444623  0.184621  0.876485
Traj No.1 pathpoint 25
motoman_mh50_link_1_s position :    1    0 1.04
motoman_mh50_link_1_s rotation matrix : 0.453315  0.89135        0
-0.89135 0.453315        0
       0        0        1
motoman_mh50_link_2_l position :   1.06573 -0.129246      1.04
motoman_mh50_link_2_l rotation matrix :  0.397171   0.89135  0.218517
-0.780954  0.453315 -0.429669
-0.482043         0  0.876147
motoman_mh50_link_3_u position :   1.25584 -0.503058   1.80225
motoman_mh50_link_3_u rotation matrix :    0.387241     0.89135    0.235668
  -0.761429    0.453315   -0.463392
  -0.519876 -3.5296e-16    0.854242
motoman_mh50_link_4_r position :  1.70225 -1.38083  1.44877
motoman_mh50_link_4_r rotation matrix :   0.387241   0.211007  -0.897508
 -0.761429  -0.475712  -0.440369
 -0.519876   0.853917 -0.0235481
motoman_mh50_link_5_b position :  1.70225 -1.38083  1.44877
motoman_mh50_link_5_b rotation matrix :  0.809501  0.211007  -0.54789
-0.404611 -0.475712 -0.781017
-0.425438  0.853917 -0.299713
motoman_mh50_link_6_t position :  1.70225 -1.38083  1.44877
motoman_mh50_link_6_t rotation matrix :  0.809501  0.517715   0.27691
-0.404611  0.833683  -0.37585
-0.425438   0.19221   0.88434
Traj No.1 pathpoint 26
motoman_mh50_link_1_s position :    1    0 1.04
motoman_mh50_link_1_s rotation matrix :  0.413658  0.910432         0
-0.910432  0.413658         0
        0         0         1
motoman_mh50_link_2_l position :   1.05998 -0.132013      1.04
motoman_mh50_link_2_l rotation matrix :  0.358341  0.910432  0.206652
-0.788682  0.413658 -0.454826
-0.499572         0  0.866272
motoman_mh50_link_3_u position :   1.23977 -0.527712   1.79366
motoman_mh50_link_3_u rotation matrix :  0.348577  0.910432  0.222726
-0.767194  0.413658 -0.490205
-0.538431         0   0.84267
motoman_mh50_link_4_r position :  1.64383 -1.41703  1.41873
motoman_mh50_link_4_r rotation matrix :   0.348577   0.138602  -0.926975
 -0.767194  -0.525953  -0.367134
 -0.538431   0.839144 -0.0770003
motoman_mh50_link_5_b position :  1.64383 -1.41703  1.41873
motoman_mh50_link_5_b rotation matrix :  0.806072  0.138602 -0.575359
-0.432353 -0.525953 -0.732424
-0.404127  0.839144 -0.364031
motoman_mh50_link_6_t position :  1.64383 -1.41703  1.41873
motoman_mh50_link_6_t rotation matrix :  0.806072  0.538508  0.245473
-0.432353  0.819067 -0.377093
-0.404127  0.197833  0.893053
Traj No.1 pathpoint 27
motoman_mh50_link_1_s position :    1    0 1.04
motoman_mh50_link_1_s rotation matrix :    0.3732  0.927751         0
-0.927751    0.3732         0
        0         0         1
motoman_mh50_link_2_l position :   1.05411 -0.134524      1.04
motoman_mh50_link_2_l rotation matrix :    0.319477    0.927751    0.192907
  -0.794198      0.3732   -0.479553
  -0.516899 1.84925e-16    0.856047
motoman_mh50_link_3_u position :   1.22194 -0.551735   1.78476
motoman_mh50_link_3_u rotation matrix :  0.310015  0.927751  0.207771
-0.770678    0.3732 -0.516505
-0.556728         0  0.830695
motoman_mh50_link_4_r position :  1.58334 -1.45015  1.38856
motoman_mh50_link_4_r rotation matrix :  0.310015 0.0616375 -0.948731
-0.770678 -0.568055 -0.288738
-0.556728  0.820679 -0.128603
motoman_mh50_link_5_b position :  1.58334 -1.45015  1.38856
motoman_mh50_link_5_b rotation matrix :  0.799959 0.0616375 -0.596881
  -0.4636 -0.568055 -0.679992
-0.380974  0.820679 -0.425845
motoman_mh50_link_6_t position :  1.58334 -1.45015  1.38856
motoman_mh50_link_6_t rotation matrix :  0.799959   0.56117  0.212496
  -0.4636  0.802829 -0.374889
-0.380974  0.201382  0.902388
Traj No.1 pathpoint 28
motoman_mh50_link_1_s position :    1    0 1.04
motoman_mh50_link_1_s rotation matrix :  0.332019  0.943273         0
-0.943273  0.332019         0
        0         0         1
motoman_mh50_link_2_l position :   1.04814 -0.136775      1.04
motoman_mh50_link_2_l rotation matrix :  0.280714  0.943273  0.177303
-0.797513  0.332019 -0.503723
-0.534016         0  0.845474
motoman_mh50_link_3_u position :    1.2024 -0.575013   1.77556
motoman_mh50_link_3_u rotation matrix :  0.271699  0.943273  0.190831
-0.771901  0.332019 -0.542155
 -0.57476         0  0.818322
motoman_mh50_link_4_r position :  1.52096 -1.48006  1.35828
motoman_mh50_link_4_r rotation matrix :   0.271699 -0.0190156  -0.962195
 -0.771901  -0.601415  -0.206079
  -0.57476    0.79871  -0.178082
motoman_mh50_link_5_b position :  1.52096 -1.48006  1.35828
motoman_mh50_link_5_b rotation matrix :   0.790518 -0.0190156  -0.612144
 -0.498146  -0.601415   -0.62462
 -0.356275    0.79871  -0.484902
motoman_mh50_link_6_t position :  1.52096 -1.48006  1.35828
motoman_mh50_link_6_t rotation matrix :  0.790518  0.585841  0.178528
-0.498146  0.784644 -0.369032
-0.356275  0.202793  0.912109
Traj No.1 pathpoint 29
motoman_mh50_link_1_s position :    1    0 1.04
motoman_mh50_link_1_s rotation matrix :  0.290195  0.956968         0
-0.956968  0.290195         0
        0         0         1
motoman_mh50_link_2_l position :  1.04208 -0.13876     1.04
motoman_mh50_link_2_l rotation matrix :  0.242185  0.956968  0.159873
-0.798647  0.290195  -0.52721
-0.550917         0   0.83456
motoman_mh50_link_3_u position :   1.18117 -0.597433   1.76607
motoman_mh50_link_3_u rotation matrix :    0.233769    0.956968    0.171945
  -0.770893    0.290195   -0.567019
  -0.592516 1.61878e-16    0.805559
motoman_mh50_link_4_r position :  1.45689 -1.50667  1.32791
motoman_mh50_link_4_r rotation matrix :  0.233769 -0.102414 -0.966883
-0.770893 -0.625534 -0.120126
-0.592516  0.773446 -0.225181
motoman_mh50_link_5_b position :  1.45689 -1.50667  1.32791
motoman_mh50_link_5_b rotation matrix :  0.777127 -0.102414 -0.620956
-0.535679 -0.625534 -0.567234
-0.330336  0.773446  -0.54098
motoman_mh50_link_6_t position :  1.45689 -1.50667  1.32791
motoman_mh50_link_6_t rotation matrix :  0.777127  0.612603  0.144192
-0.535679  0.764132 -0.359375
-0.330336  0.202039  0.921986
Traj No.1 pathpoint 30
motoman_mh50_link_1_s position :    1    0 1.04
motoman_mh50_link_1_s rotation matrix :  0.247809  0.968809         0
-0.968809  0.247809         0
        0         0         1
motoman_mh50_link_2_l position :   1.03593 -0.140477      1.04
motoman_mh50_link_2_l rotation matrix :    0.204023    0.968809    0.140655
  -0.797628    0.247809   -0.549891
  -0.567595 8.63793e-17    0.823308
motoman_mh50_link_3_u position :    1.1583 -0.618883   1.75628
motoman_mh50_link_3_u rotation matrix :    0.196366    0.968809    0.151161
  -0.767694    0.247809   -0.590963
  -0.609989 7.90139e-17     0.79241
motoman_mh50_link_4_r position :  1.39132 -1.52987  1.29744
motoman_mh50_link_4_r rotation matrix :   0.196366  -0.187553  -0.962426
 -0.767694  -0.640022 -0.0319099
 -0.609989   0.745114  -0.269662
motoman_mh50_link_5_b position :  1.39132 -1.52987  1.29744
motoman_mh50_link_5_b rotation matrix :  0.759201 -0.187553 -0.623247
-0.575777 -0.640022 -0.508775
 -0.30347  0.745114 -0.593894
motoman_mh50_link_6_t position :  1.39132 -1.52987  1.29744
motoman_mh50_link_6_t rotation matrix :  0.759201  0.641464  0.110171
-0.575777  0.740858 -0.345847
 -0.30347  0.199134    0.9318
Traj No.1 pathpoint 31
motoman_mh50_link_1_s position :    1    0 1.04
motoman_mh50_link_1_s rotation matrix :  0.204943  0.978774         0
-0.978774  0.204943         0
        0         0         1
motoman_mh50_link_2_l position :   1.02972 -0.141922      1.04
motoman_mh50_link_2_l rotation matrix :     0.166357     0.978774     0.119696
   -0.794492     0.204943    -0.571647
   -0.584044 -8.42711e-17     0.811722
motoman_mh50_link_3_u position :   1.13385 -0.639255    1.7462
motoman_mh50_link_3_u rotation matrix :  0.159626  0.978774  0.128534
-0.762349  0.204943 -0.613858
 -0.62717         0  0.778882
motoman_mh50_link_4_r position :  1.32446 -1.54957  1.26691
motoman_mh50_link_4_r rotation matrix :  0.159626 -0.273384 -0.948568
-0.762349 -0.644607 0.0574912
 -0.62717  0.713963  -0.31131
motoman_mh50_link_5_b position :  1.32446 -1.54957  1.26691
motoman_mh50_link_5_b rotation matrix :  0.736212 -0.273384 -0.619075
-0.617918 -0.644607 -0.450177
-0.275989  0.713963 -0.643496
motoman_mh50_link_6_t position :  1.32446 -1.54957  1.26691
motoman_mh50_link_6_t rotation matrix :  0.736212  0.672333 0.0772009
-0.617918  0.714343 -0.328469
-0.275989  0.194119  0.941354
Traj No.1 pathpoint 32
motoman_mh50_link_1_s position :    1    0 1.04
motoman_mh50_link_1_s rotation matrix :   0.16168  0.986843         0
-0.986843   0.16168         0
        0         0         1
motoman_mh50_link_2_l position :   1.02344 -0.143092      1.04
motoman_mh50_link_2_l rotation matrix :     0.129313     0.986843    0.0970494
   -0.789285      0.16168    -0.592358
   -0.600256 -8.21274e-17     0.799808
motoman_mh50_link_3_u position :   1.10788 -0.658444   1.73583
motoman_mh50_link_3_u rotation matrix :     0.123682     0.986843      0.10413
   -0.754917      0.16168    -0.635578
   -0.644052 -7.50616e-17     0.764982
motoman_mh50_link_4_r position :  1.25652 -1.56571  1.23633
motoman_mh50_link_4_r rotation matrix :  0.123682 -0.358823 -0.925175
-0.754917 -0.639141  0.146965
-0.644052  0.680253 -0.349932
motoman_mh50_link_5_b position :  1.25652 -1.56571  1.23633
motoman_mh50_link_5_b rotation matrix :  0.707697 -0.358823 -0.608614
-0.661482 -0.639141 -0.392352
-0.248205  0.680253 -0.689673
motoman_mh50_link_6_t position :  1.25652 -1.56571  1.23633
motoman_mh50_link_6_t rotation matrix :  0.707697  0.705013 0.0460517
-0.661482  0.684078 -0.307374
-0.248205  0.187065  0.950474
Traj No.1 pathpoint 33
motoman_mh50_link_1_s position :    1    0 1.04
motoman_mh50_link_1_s rotation matrix :  0.118104  0.993001         0
-0.993001  0.118104         0
        0         0         1
motoman_mh50_link_2_l position :   1.01713 -0.143985      1.04
motoman_mh50_link_2_l rotation matrix : 0.0930151  0.993001 0.0727786
-0.782058  0.118104 -0.611912
-0.616225         0   0.78757
motoman_mh50_link_3_u position :   1.08044 -0.676349   1.72519
motoman_mh50_link_3_u rotation matrix : 0.0886624  0.993001 0.0780224
-0.745462  0.118104 -0.656002
-0.660625         0  0.750716
motoman_mh50_link_4_r position :  1.18771 -1.57821   1.2057
motoman_mh50_link_4_r rotation matrix : 0.0886624 -0.442767 -0.892242
-0.745462 -0.623605  0.235381
-0.660625  0.644263 -0.385356
motoman_mh50_link_5_b position :  1.18771 -1.57821   1.2057
