Traj No. 1
Traj No.1 pathpoint 0
motoman_mh50_link_1_s position :    1    0 1.04
 rotation matrix : 
1 0 0
0 1 0
0 0 1
motoman_mh50_link_2_l position : 1.145     0  1.04
 rotation matrix : 
1 0 0
0 1 0
0 0 1
motoman_mh50_link_3_u position : 1.145     0  1.91
 rotation matrix : 
1 0 0
0 1 0
0 0 1
motoman_mh50_link_4_r position : 2.17    0 2.12
 rotation matrix : 
1 0 0
0 1 0
0 0 1
motoman_mh50_link_5_b position : 2.17    0 2.12
 rotation matrix : 
1 0 0
0 1 0
0 0 1
motoman_mh50_link_6_t position : 2.17    0 2.12
 rotation matrix : 
1 0 0
0 1 0
0 0 1
Traj No.1 pathpoint 1
motoman_mh50_link_1_s position :    1    0 1.04
 rotation matrix : 
  0.999615 -0.0277534          0
 0.0277534   0.999615          0
         0          0          1
motoman_mh50_link_2_l position :    1.14494 0.00402425       1.04
 rotation matrix : 
    0.999281   -0.0277534   -0.0258429
   0.0277442     0.999615 -0.000717505
   0.0258528  2.68265e-16     0.999666
motoman_mh50_link_3_u position :    1.12246 0.00340002    1.90971
 rotation matrix : 
    0.996728   -0.0277534   -0.0759204
   0.0276733     0.999615  -0.00210786
   0.0759497 -9.11947e-17     0.997112
motoman_mh50_link_4_r position :   2.12816 0.0313225   2.19695
 rotation matrix : 
  0.996728 -0.0262644 -0.0764483
 0.0276733   0.999465   0.017428
 0.0759497 -0.0194865   0.996921
motoman_mh50_link_5_b position :   2.12816 0.0313225   2.19695
 rotation matrix : 
  0.997404 -0.0262644 -0.0670536
 0.0275078   0.999465   0.017688
 0.0665532 -0.0194865   0.997593
motoman_mh50_link_6_t position :   2.12816 0.0313225   2.19695
 rotation matrix : 
  0.997404 -0.0320778  -0.064475
 0.0275078   0.997128 -0.0705584
 0.0665532  0.0686016   0.995422
Traj No.1 pathpoint 2
motoman_mh50_link_1_s position :    1    0 1.04
 rotation matrix : 
  0.998459 -0.0554855          0
 0.0554855   0.998459          0
         0          0          1
motoman_mh50_link_2_l position :   1.14478 0.0080454      1.04
 rotation matrix : 
   0.997125  -0.0554855  -0.0516088
  0.0554113    0.998459 -0.00286796
  0.0516884 2.67951e-16    0.998663
motoman_mh50_link_3_u position :    1.09988 0.00555028    1.90884
 rotation matrix : 
   0.986941  -0.0554855   -0.151227
  0.0548454    0.998459 -0.00840387
   0.151461           0    0.988463
motoman_mh50_link_4_r position :  2.07973 0.060002  2.27166
 rotation matrix : 
  0.986941 -0.0495334   -0.15328
 0.0548454   0.998025  0.0306208
  0.151461 -0.0386277   0.987708
motoman_mh50_link_5_b position :  2.07973 0.060002  2.27166
 rotation matrix : 
  0.989654 -0.0495334  -0.134655
 0.0542586   0.998025  0.0316489
  0.132822 -0.0386277   0.990387
motoman_mh50_link_6_t position :  2.07973 0.060002  2.27166
 rotation matrix : 
  0.989654 -0.0724295  -0.123853
 0.0542586   0.988051  -0.144258
  0.132822   0.136045   0.981759
Traj No.1 pathpoint 3
motoman_mh50_link_1_s position :    1    0 1.04
 rotation matrix : 
  0.996535 -0.0831748          0
 0.0831748   0.996535          0
         0          0          1
motoman_mh50_link_2_l position :    1.1445 0.0120603      1.04
 rotation matrix : 
    0.993539   -0.0831748   -0.0772209
   0.0829247     0.996535  -0.00644517
   0.0774894 -3.56572e-16     0.996993
motoman_mh50_link_3_u position :    1.07732 0.00645305    1.90738
 rotation matrix : 
   0.97073 -0.0831748  -0.225313
  0.081021   0.996535 -0.0188055
  0.226097          0   0.974105
motoman_mh50_link_4_r position :     2.025 0.0855504    2.3437
 rotation matrix : 
   0.97073 -0.0698287    -0.2298
  0.081021   0.995925  0.0396228
  0.226097 -0.0570817   0.972431
motoman_mh50_link_5_b position :     2.025 0.0855504    2.3437
 rotation matrix : 
  0.976837 -0.0698287  -0.202272
 0.0798688   0.995925  0.0418969
  0.198522 -0.0570817   0.978433
motoman_mh50_link_6_t position :     2.025 0.0855504    2.3437
 rotation matrix : 
 0.976837 -0.120371 -0.176921
0.0798688  0.972128 -0.220425
 0.198522  0.201189  0.959225
Traj No.1 pathpoint 4
motoman_mh50_link_1_s position :    1    0 1.04
 rotation matrix : 
0.993843  -0.1108        0
  0.1108 0.993843        0
       0        0        1
motoman_mh50_link_2_l position :  1.14411 0.016066     1.04
 rotation matrix : 
  0.988532    -0.1108  -0.102603
  0.110208   0.993843 -0.0114388
  0.103239          0   0.994657
motoman_mh50_link_3_u position :    1.05484 0.00611422    1.90535
 rotation matrix : 
  0.948245    -0.1108  -0.297583
  0.105716   0.993843 -0.0331765
  0.299426          0   0.954119
motoman_mh50_link_4_r position :   1.9643 0.107507  2.41263
 rotation matrix : 
  0.948245 -0.0872212  -0.305327
  0.105716   0.993398  0.0445413
  0.299426 -0.0745141   0.951205
motoman_mh50_link_5_b position :   1.9643 0.107507  2.41263
 rotation matrix : 
  0.959076 -0.0872212   -0.26938
  0.103963   0.993398  0.0484931
  0.263372 -0.0745141   0.961812
motoman_mh50_link_6_t position :   1.9643 0.107507  2.41263
 rotation matrix : 
 0.959076 -0.175051 -0.222554
 0.103963  0.948803 -0.298268
 0.263372  0.262925  0.928173
Traj No.1 pathpoint 5
motoman_mh50_link_1_s position :    1    0 1.04
 rotation matrix : 
0.990385 -0.13834        0
 0.13834 0.990385        0
       0        0        1
motoman_mh50_link_2_l position :   1.14361 0.0200593      1.04
 rotation matrix : 
   0.98212   -0.13834  -0.127679
  0.137186   0.990385 -0.0178346
  0.128919          0   0.991655
motoman_mh50_link_3_u position :    1.03252 0.00454317    1.90274
 rotation matrix : 
  0.919693   -0.13834  -0.367459
  0.128466   0.990385 -0.0513278
  0.371027          0   0.928622
motoman_mh50_link_4_r position :  1.89804 0.125442  2.47805
 rotation matrix : 
  0.919693  -0.101829  -0.379203
  0.128466   0.990668  0.0455446
  0.371027 -0.0906016   0.924192
motoman_mh50_link_5_b position :  1.89804 0.125442  2.47805
 rotation matrix : 
  0.936531  -0.101829  -0.335471
  0.126178   0.990668  0.0515441
  0.327091 -0.0906016    0.94064
motoman_mh50_link_6_t position :  1.89804 0.125442  2.47805
 rotation matrix : 
 0.936531 -0.235461 -0.259746
 0.126178  0.917625 -0.376888
 0.327091  0.320193  0.889094
Traj No.1 pathpoint 6
motoman_mh50_link_1_s position :    1    0 1.04
 rotation matrix : 
 0.986164 -0.165773         0
 0.165773  0.986164         0
        0         0         1
motoman_mh50_link_2_l position :   1.14299 0.0240371      1.04
 rotation matrix : 
  0.974321  -0.165773  -0.152375
  0.163782   0.986164 -0.0256141
  0.154513 3.5282e-16   0.987991
motoman_mh50_link_3_u position :    1.01043 0.00175287    1.89955
 rotation matrix : 
   0.885339   -0.165773   -0.434389
   0.148825    0.986164  -0.0730204
   0.440484 1.17926e-16    0.897761
motoman_mh50_link_4_r position :  1.82668 0.138964  2.53958
 rotation matrix : 
 0.885339 -0.113813 -0.450801
 0.148825  0.987934 0.0428591
 0.440484 -0.105035  0.891595
motoman_mh50_link_5_b position :  1.82668 0.138964  2.53958
 rotation matrix : 
 0.909397 -0.113813 -0.400056
 0.146165  0.987934 0.0511998
 0.389402 -0.105035   0.91506
motoman_mh50_link_6_t position :  1.82668 0.138964  2.53958
 rotation matrix : 
 0.909397  -0.30045 -0.287624
 0.146165  0.878263  -0.45529
 0.389402  0.371999  0.842605
Traj No.1 pathpoint 7
motoman_mh50_link_1_s position :    1    0 1.04
 rotation matrix : 
 0.981183 -0.193079         0
 0.193079  0.981183         0
        0         0         1
motoman_mh50_link_2_l position :   1.14227 0.0279964      1.04
 rotation matrix : 
  0.965157  -0.193079  -0.176616
  0.189925   0.981183 -0.0347549
  0.180004          0   0.983666
motoman_mh50_link_3_u position :   0.988615 -0.0022403    1.89579
 rotation matrix : 
  0.845498  -0.193079  -0.497848
  0.166379   0.981183 -0.0979674
  0.507396          0   0.861713
motoman_mh50_link_4_r position :   1.7507 0.147725  2.59683
 rotation matrix : 
 0.845498 -0.123377 -0.519529
 0.166379  0.985376 0.0367649
 0.507396 -0.117523  0.853661
motoman_mh50_link_5_b position :   1.7507 0.147725  2.59683
 rotation matrix : 
 0.877901 -0.123377 -0.462674
 0.163594  0.985376 0.0476507
 0.450029 -0.117523  0.885247
motoman_mh50_link_6_t position :   1.7507 0.147725  2.59683
 rotation matrix : 
 0.877901 -0.368748 -0.305474
 0.163594  0.830529 -0.532408
 0.450029  0.417428  0.789447
Traj No.1 pathpoint 8
motoman_mh50_link_1_s position :    1    0 1.04
 rotation matrix : 
 0.975447 -0.220236         0
 0.220236  0.975447         0
        0         0         1
motoman_mh50_link_2_l position :   1.14144 0.0319342      1.04
 rotation matrix : 
  0.954654  -0.220236  -0.200331
  0.215541   0.975447 -0.0452307
  0.205374          0   0.978684
motoman_mh50_link_3_u position :   0.967152 -0.0074165    1.89145
 rotation matrix : 
    0.800537    -0.220236    -0.557348
    0.180745     0.975447    -0.125838
    0.571377 -8.62713e-17     0.820688
motoman_mh50_link_4_r position :  1.67066 0.151421  2.64946
 rotation matrix : 
 0.800537  -0.13076 -0.584844
 0.180745  0.983143 0.0275915
 0.571377 -0.127795  0.810677
motoman_mh50_link_5_b position :  1.67066 0.151421  2.64946
 rotation matrix : 
 0.842307  -0.13076 -0.522897
 0.178154  0.983143 0.0411245
 0.508705 -0.127795  0.851403
motoman_mh50_link_6_t position :  1.67066 0.151421  2.64946
 rotation matrix : 
 0.842307 -0.438981 -0.312755
 0.178154  0.774383 -0.607118
 0.508705  0.455661  0.730474
Traj No.1 pathpoint 9
motoman_mh50_link_1_s position :    1    0 1.04
 rotation matrix : 
 0.968959 -0.247223         0
 0.247223  0.968959         0
        0         0         1
motoman_mh50_link_2_l position :    1.1405 0.0358473      1.04
 rotation matrix : 
   0.942842   -0.247223   -0.223449
   0.240559    0.968959  -0.0570113
   0.230607 2.31073e-16    0.973047
motoman_mh50_link_3_u position :   0.946099 -0.0137525    1.88655
 rotation matrix : 
 0.750867 -0.247223 -0.612438
 0.191578  0.968959 -0.156259
 0.632058         0  0.774921
motoman_mh50_link_4_r position :  1.58713 0.149801  2.69714
 rotation matrix : 
 0.750867 -0.136236  -0.64625
 0.191578  0.981352 0.0157124
 0.632058 -0.135605  0.762964
motoman_mh50_link_5_b position :  1.58713 0.149801  2.69714
 rotation matrix : 
 0.802905 -0.136236  -0.58033
 0.189559  0.981352 0.0318824
 0.565164 -0.135605  0.813757
motoman_mh50_link_6_t position :  1.58713 0.149801  2.69714
 rotation matrix : 
 0.802905 -0.509698 -0.309114
 0.189559  0.709948 -0.678263
 0.565164  0.485986  0.666639
Traj No.1 pathpoint 10
motoman_mh50_link_1_s position :    1    0 1.04
 rotation matrix : 
0.961724 -0.27402        0
 0.27402 0.961724        0
       0        0        1
motoman_mh50_link_2_l position :   1.13945 0.0397328      1.04
 rotation matrix : 
    0.929756     -0.27402    -0.245899
    0.264911     0.961724   -0.0700629
    0.255686 -4.12803e-16      0.96676
motoman_mh50_link_3_u position :   0.925518 -0.0212219    1.88108
 rotation matrix : 
   0.696941    -0.27402   -0.662712
   0.198576    0.961724   -0.188823
   0.689087 -6.6809e-17    0.724678
motoman_mh50_link_4_r position :  1.50071 0.142666  2.73958
 rotation matrix : 
  0.696941  -0.140104   -0.70331
  0.198576   0.980084 0.00153868
  0.689087  -0.140733   0.710882
motoman_mh50_link_5_b position :  1.50071 0.142666  2.73958
 rotation matrix : 
 0.760019 -0.140104 -0.634619
  0.19755  0.980084 0.0202146
 0.619148 -0.140733   0.77256
motoman_mh50_link_6_t position :  1.50071 0.142666  2.73958
 rotation matrix : 
 0.760019 -0.579396   -0.2944
  0.19755  0.637518 -0.744677
 0.619148   0.50781  0.598986
Traj No.1 pathpoint 11
motoman_mh50_link_1_s position :    1    0 1.04
 rotation matrix : 
 0.953749 -0.300605         0
 0.300605  0.953749         0
        0         0         1
motoman_mh50_link_2_l position :   1.13829 0.0435877      1.04
 rotation matrix : 
 0.915433 -0.300605 -0.267616
 0.288529  0.953749 -0.084348
 0.280594         0  0.959827
motoman_mh50_link_3_u position :  0.905468 -0.029795   1.87505
 rotation matrix : 
   0.639249   -0.300605   -0.707811
    0.20148    0.953749    -0.22309
   0.742136 5.95775e-17    0.670249
motoman_mh50_link_4_r position :  1.41206 0.129874  2.77649
 rotation matrix : 
 0.639249 -0.142685 -0.755646
  0.20148  0.979385 -0.014487
 0.742136 -0.142987   0.65482
motoman_mh50_link_5_b position :  1.41206 0.129874  2.77649
 rotation matrix : 
  0.713998  -0.142685  -0.685455
  0.201898   0.979385 0.00643585
  0.670406  -0.142987   0.728087
motoman_mh50_link_6_t position :  1.41206 0.129874  2.77649
 rotation matrix : 
 0.713998 -0.646548 -0.268668
 0.201898   0.55756 -0.805211
 0.670406  0.520675  0.528633
Traj No.1 pathpoint 12
motoman_mh50_link_1_s position :    1    0 1.04
 rotation matrix : 
 0.945038 -0.326959         0
 0.326959  0.945038         0
        0         0         1
motoman_mh50_link_2_l position :   1.13703 0.0474091      1.04
 rotation matrix : 
   0.899914   -0.326959   -0.288534
   0.311347    0.945038  -0.0998253
   0.305314 3.38003e-16    0.952252
motoman_mh50_link_3_u position :  0.886006 -0.039439   1.86846
 rotation matrix : 
    0.578315    -0.326959    -0.747429
    0.200082     0.945038    -0.258591
    0.790898 -5.34602e-17     0.611948
motoman_mh50_link_4_r position :  1.32182 0.111341  2.80764
 rotation matrix : 
  0.578315  -0.144316  -0.802948
  0.200082    0.97926 -0.0318977
  0.790898  -0.142209   0.595195
motoman_mh50_link_5_b position :  1.32182 0.111341  2.80764
 rotation matrix : 
  0.665216  -0.144316  -0.732571
  0.202403    0.97926 -0.0091194
  0.718694  -0.142209   0.680629
motoman_mh50_link_6_t position :  1.32182 0.111341  2.80764
 rotation matrix : 
 0.665216 -0.709631 -0.232187
 0.202403  0.470715 -0.858755
 0.718694  0.524262  0.456759
Traj No.1 pathpoint 13
motoman_mh50_link_1_s position :    1    0 1.04
 rotation matrix : 
   0.9356 -0.353061         0
 0.353061    0.9356         0
        0         0         1
motoman_mh50_link_2_l position :   1.13566 0.0511939      1.04
 rotation matrix : 
   0.883244   -0.353061    -0.30859
   0.333304      0.9356    -0.11645
   0.329831 3.08876e-16     0.94404
motoman_mh50_link_3_u position :  0.867189 -0.050118   1.86131
 rotation matrix : 
   0.514685   -0.353061   -0.781311
   0.194223      0.9356   -0.294838
   0.835091 1.44608e-16    0.550113
motoman_mh50_link_4_r position :  1.23067 0.087045  2.83281
 rotation matrix : 
  0.514685  -0.145344   -0.84497
  0.194223   0.979672 -0.0502095
  0.835091  -0.138271   0.532452
motoman_mh50_link_5_b position :  1.23067 0.087045  2.83281
 rotation matrix : 
  0.614071  -0.145344  -0.775753
  0.198903   0.979672 -0.0261024
  0.763777  -0.138271   0.630497
motoman_mh50_link_6_t position :  1.23067 0.087045  2.83281
 rotation matrix : 
 0.614071 -0.767157 -0.185439
 0.198903  0.377794 -0.904273
 0.763777  0.518403  0.384582
Traj No.1 pathpoint 14
motoman_mh50_link_1_s position :    1    0 1.04
 rotation matrix : 
 0.925441 -0.378891         0
 0.378891  0.925441         0
        0         0         1
motoman_mh50_link_2_l position :   1.13419 0.0549393      1.04
 rotation matrix : 
     0.86547    -0.378891    -0.327723
    0.354338     0.925441    -0.134176
    0.354127 -2.83694e-16     0.935197
motoman_mh50_link_3_u position :    0.84907 -0.0617935    1.85362
 rotation matrix : 
  0.44893 -0.378891 -0.809261
   0.1838  0.925441 -0.331325
 0.874459         0  0.485099
motoman_mh50_link_4_r position :  1.13928 0.057023  2.85181
 rotation matrix : 
  0.44893  -0.14612 -0.881539
   0.1838  0.980544 -0.068929
 0.874459 -0.131082  0.467053
motoman_mh50_link_5_b position :  1.13928 0.057023  2.85181
 rotation matrix : 
 0.560979  -0.14612 -0.814832
 0.191269  0.980544 -0.044155
 0.805431 -0.131082  0.578012
motoman_mh50_link_6_t position :  1.13928 0.057023  2.85181
 rotation matrix : 
 0.560979   -0.8177 -0.129114
 0.191269  0.279773  -0.94082
 0.805431  0.503085  0.313348
Traj No.1 pathpoint 15
motoman_mh50_link_1_s position :    1    0 1.04
 rotation matrix : 
0.914569 -0.40443        0
 0.40443 0.914569        0
       0        0        1
motoman_mh50_link_2_l position :   1.13261 0.0586423      1.04
 rotation matrix : 
 0.846644  -0.40443 -0.345877
 0.374393  0.914569  -0.15295
 0.378186         0   0.92573
motoman_mh50_link_3_u position :   0.831699 -0.0744238    1.84538
 rotation matrix : 
   0.381634    -0.40443   -0.831139
   0.168762    0.914569   -0.367536
   0.908777 3.95882e-17    0.417283
motoman_mh50_link_4_r position :   1.04834 0.0213741   2.86451
 rotation matrix : 
 0.381634  -0.14699 -0.912551
 0.168762   0.98176 -0.087561
 0.908777 -0.120587  0.399479
motoman_mh50_link_5_b position :   1.04834 0.0213741   2.86451
 rotation matrix : 
  0.506374   -0.14699  -0.849693
  0.179413    0.98176 -0.0629155
  0.843443  -0.120587    0.52351
motoman_mh50_link_6_t position :   1.04834 0.0213741   2.86451
 rotation matrix : 
  0.506374  -0.859928 -0.0641043
  0.179413   0.177778  -0.967577
  0.843443   0.478455   0.244304
Traj No.1 pathpoint 16
motoman_mh50_link_1_s position :    1    0 1.04
 rotation matrix : 
 0.902993 -0.429656         0
 0.429656  0.902993         0
        0         0         1
motoman_mh50_link_2_l position :   1.13093 0.0623002      1.04
 rotation matrix : 
 0.826819 -0.429656 -0.362996
 0.393412  0.902993 -0.172718
 0.401992         0  0.915643
motoman_mh50_link_3_u position :   0.815127 -0.0879649    1.83661
 rotation matrix : 
   0.313389   -0.429656   -0.846866
   0.149115    0.902993   -0.402951
   0.937844 3.73883e-17    0.347056
motoman_mh50_link_4_r position :   0.958509 -0.0197418    2.87078
 rotation matrix : 
 0.313389 -0.148293 -0.937975
 0.149115  0.983163 -0.105616
 0.937844 -0.106767  0.330225
motoman_mh50_link_5_b position :   0.958509 -0.0197418    2.87078
 rotation matrix : 
  0.450705  -0.148293  -0.880269
  0.163286   0.983163 -0.0820233
  0.877612  -0.106767   0.467331
motoman_mh50_link_6_t position :   0.958509 -0.0197418    2.87078
 rotation matrix : 
  0.450705  -0.892632 0.00850755
  0.163286  0.0730686  -0.983869
  0.877612   0.444824   0.178686
Traj No.1 pathpoint 17
motoman_mh50_link_1_s position :    1    0 1.04
 rotation matrix : 
  0.89072 -0.454552         0
 0.454552   0.89072         0
        0         0         1
motoman_mh50_link_2_l position : 1.12915 0.06591    1.04
 rotation matrix : 
 0.806052 -0.454552 -0.379028
 0.411344   0.89072 -0.193425
  0.42553         0  0.904944
motoman_mh50_link_3_u position :   0.7994 -0.10237   1.8273
 rotation matrix : 
   0.244792   -0.454552   -0.856422
   0.124922     0.89072   -0.437049
   0.961494 3.53835e-17    0.274825
motoman_mh50_link_4_r position :   0.870463 -0.0661051    2.87055
 rotation matrix : 
  0.244792  -0.150351  -0.957847
  0.124922    0.98456  -0.122619
  0.961494 -0.0896403   0.259795
motoman_mh50_link_5_b position :   0.870463 -0.0661051    2.87055
 rotation matrix : 
   0.39443  -0.150351  -0.906543
   0.14288    0.98456  -0.101124
   0.90775 -0.0896403   0.409822
motoman_mh50_link_6_t position :   0.870463 -0.0661051    2.87055
 rotation matrix : 
  0.39443 -0.914754 0.0874675
  0.14288 -0.032977  -0.98919
  0.90775  0.402664  0.117693
Traj No.1 pathpoint 18
motoman_mh50_link_1_s position :    1    0 1.04
 rotation matrix : 
 0.877762 -0.479097         0
 0.479097  0.877762         0
        0         0         1
motoman_mh50_link_2_l position :   1.12728 0.0694691      1.04
 rotation matrix : 
   0.784404   -0.479097   -0.393924
   0.428141    0.877762   -0.215011
   0.448783 2.09317e-16    0.893641
motoman_mh50_link_3_u position : 0.784561 -0.11759  1.81747
 rotation matrix : 
    0.176435    -0.479097    -0.859847
   0.0963014     0.877762    -0.469319
     0.97959 -3.33346e-17     0.201006
motoman_mh50_link_4_r position :   0.78484 -0.117438   2.86376
 rotation matrix : 
  0.176435  -0.153465  -0.972275
 0.0963014   0.985724  -0.138113
   0.97959 -0.0692635   0.188695
motoman_mh50_link_5_b position :   0.78484 -0.117438   2.86376
 rotation matrix : 
  0.338013  -0.153465  -0.928545
  0.118232   0.985724  -0.119876
  0.933685 -0.0692635   0.351332
motoman_mh50_link_6_t position :   0.78484 -0.117438   2.86376
 rotation matrix : 
 0.338013 -0.925408  0.171369
 0.118232  -0.13889 -0.983225
 0.933685  0.352604 0.0624657
Traj No.1 pathpoint 19
motoman_mh50_link_1_s position :    1    0 1.04
 rotation matrix : 
 0.864127 -0.503274         0
 0.503274  0.864127         0
        0         0         1
motoman_mh50_link_2_l position :    1.1253 0.0729747      1.04
 rotation matrix : 
    0.761935    -0.503274     -0.40764
    0.443757     0.864127    -0.237412
    0.471736 -1.95246e-16      0.88174
motoman_mh50_link_3_u position :  0.770652 -0.133574   1.80711
 rotation matrix : 
    0.108902    -0.503274    -0.857237
   0.0634255     0.864127    -0.499261
    0.992027 -7.81337e-18     0.126026
motoman_mh50_link_4_r position :  0.702257 -0.173408   2.85041
 rotation matrix : 
  0.108902   -0.15791   -0.98143
 0.0634255   0.986394  -0.151671
  0.992027 -0.0457303   0.117436
motoman_mh50_link_5_b position :  0.702257 -0.173408   2.85041
 rotation matrix : 
  0.281924   -0.15791  -0.946353
 0.0894197   0.986394  -0.137953
  0.955261 -0.0457303   0.292208
motoman_mh50_link_6_t position :  0.702257 -0.173408   2.85041
 rotation matrix : 
 0.281924 -0.923908  0.258677
0.0894197 -0.243137 -0.965861
 0.955261   0.29543 0.0140694
Traj No.1 pathpoint 20
motoman_mh50_link_1_s position :    1    0 1.04
 rotation matrix : 
 0.849827 -0.527062         0
 0.527062  0.849827         0
        0         0         1
motoman_mh50_link_2_l position :  1.12322 0.076424     1.04
 rotation matrix : 
 0.738711 -0.527062 -0.420132
 0.458149  0.849827 -0.260566
 0.494374         0  0.869249
motoman_mh50_link_3_u position :   0.75771 -0.150268   1.79625
 rotation matrix : 
   0.0427613    -0.527062     -0.84875
   0.0265205     0.849827    -0.526395
    0.998733 -3.27962e-17    0.0503177
motoman_mh50_link_4_r position :  0.623303 -0.233628   2.83052
 rotation matrix : 
 0.0427613  -0.163928  -0.985545
 0.0265205   0.986286  -0.162901
  0.998733 -0.0191713  0.0465223
motoman_mh50_link_5_b position :  0.623303 -0.233628   2.83052
 rotation matrix : 
  0.226629  -0.163928  -0.960087
 0.0565676   0.986286  -0.155049
  0.972337 -0.0191713   0.232794
motoman_mh50_link_6_t position :  0.623303 -0.233628   2.83052
 rotation matrix : 
  0.226629  -0.909783   0.347757
 0.0565676  -0.344149  -0.937209
  0.972337    0.23207 -0.0265298
Traj No.1 pathpoint 21
motoman_mh50_link_1_s position :    1    0 1.04
 rotation matrix : 
 0.834871 -0.550445         0
 0.550445  0.834871         0
        0         0         1
motoman_mh50_link_2_l position :   1.12106 0.0798145      1.04
 rotation matrix : 
 0.714798 -0.550445 -0.431362
 0.471279  0.834871 -0.284405
 0.516681         0  0.856178
motoman_mh50_link_3_u position :  0.745771 -0.167617   1.78487
 rotation matrix : 
 -0.0214404   -0.550445   -0.834596
 -0.0141361    0.834871   -0.550263
    0.99967 2.02821e-17  -0.0256811
motoman_mh50_link_4_r position :  0.548529 -0.297662   2.80414
 rotation matrix : 
-0.0214404  -0.171725  -0.984912
-0.0141361   0.985092  -0.171448
   0.99967  0.0102468 -0.0235483
motoman_mh50_link_5_b position :  0.548529 -0.297662   2.80414
 rotation matrix : 
 0.172591 -0.171725 -0.969909
0.0198429  0.985092 -0.170882
 0.984794 0.0102468  0.173426
motoman_mh50_link_6_t position :  0.548529 -0.297662   2.80414
 rotation matrix : 
 0.172591 -0.882795  0.436904
0.0198429 -0.440354 -0.897605
 0.984794  0.163588 -0.058484
Traj No.1 pathpoint 22
motoman_mh50_link_1_s position :    1    0 1.04
 rotation matrix : 
 0.819273 -0.573404         0
 0.573404  0.819273         0
        0         0         1
motoman_mh50_link_2_l position :   1.11879 0.0831435      1.04
 rotation matrix : 
 0.690265 -0.573404 -0.441296
 0.483112  0.819273  -0.30886
 0.538643         0  0.842534
motoman_mh50_link_3_u position :  0.734867 -0.185565     1.773
 rotation matrix : 
 -0.0831821   -0.573404   -0.815039
 -0.0582186    0.819273    -0.57044
   0.994832 3.11719e-17   -0.101532
motoman_mh50_link_4_r position :  0.478447 -0.365031   2.77139
 rotation matrix : 
-0.0831821  -0.181465  -0.979873
-0.0582186   0.982486  -0.177006
  0.994832  0.0423231 -0.0922899
motoman_mh50_link_5_b position :  0.478447 -0.365031   2.77139
 rotation matrix : 
  0.120265  -0.181465  -0.976016
-0.0205428   0.982486  -0.185199
  0.992529  0.0423231   0.114431
motoman_mh50_link_6_t position :  0.478447 -0.365031   2.77139
 rotation matrix : 
  0.120265  -0.842948    0.52438
-0.0205428  -0.530214  -0.847615
  0.992529  0.0911663 -0.0810827
Traj No.1 pathpoint 23
motoman_mh50_link_1_s position :    1    0 1.04
 rotation matrix : 
0.803044 -0.59592        0
 0.59592 0.803044        0
       0        0        1
motoman_mh50_link_2_l position :   1.11644 0.0864084      1.04
 rotation matrix : 
 0.665183  -0.59592 -0.449901
 0.493617  0.803044 -0.333861
 0.560245         0  0.828327
motoman_mh50_link_3_u position :  0.725027 -0.204051   1.76064
 rotation matrix : 
   -0.141974     -0.59592    -0.790394
   -0.105356     0.803044    -0.586533
    0.984248 -2.28485e-17    -0.176795
motoman_mh50_link_4_r position :  0.413521 -0.435213   2.73237
 rotation matrix : 
-0.141974 -0.193269 -0.970819
-0.105356  0.978134 -0.179318
 0.984248 0.0768231 -0.159232
motoman_mh50_link_5_b position :  0.413521 -0.435213   2.73237
 rotation matrix : 
  0.070092  -0.193269  -0.978639
-0.0643347   0.978134  -0.197777
  0.995464  0.0768231  0.0561254
motoman_mh50_link_6_t position :  0.413521 -0.435213   2.73237
 rotation matrix : 
  0.070092  -0.790496   0.608443
-0.0643347  -0.612256  -0.788038
  0.995464  0.0160911 -0.0937706
Traj No.1 pathpoint 24
motoman_mh50_link_1_s position :    1    0 1.04
 rotation matrix : 
 0.786195 -0.617978         0
 0.617978  0.786195         0
        0         0         1
motoman_mh50_link_2_l position :     1.114 0.0896068      1.04
 rotation matrix : 
 0.639622 -0.617978 -0.457151
 0.502766  0.786195 -0.359337
 0.581472         0  0.813566
motoman_mh50_link_3_u position :  0.716277 -0.223016    1.7478
 rotation matrix : 
-0.197365 -0.617978 -0.761019
-0.155136  0.786195 -0.598189
 0.967977         0 -0.251038
motoman_mh50_link_4_r position : 0.354164 -0.50765  2.68726
 rotation matrix : 
-0.197365 -0.207214  -0.95818
-0.155136  0.971691 -0.178181
 0.967977  0.113482 -0.223924
motoman_mh50_link_5_b position : 0.354164 -0.50765  2.68726
 rotation matrix : 
  0.0224956   -0.207214   -0.978037
  -0.111236    0.971691   -0.208428
   0.993539    0.113482 -0.00119085
motoman_mh50_link_6_t position : 0.354164 -0.50765  2.68726
 rotation matrix : 
 0.0224956   -0.72594    0.68739
 -0.111236  -0.685113  -0.719894
  0.993539 -0.0602681 -0.0961626
Traj No.1 pathpoint 25
motoman_mh50_link_1_s position :    1    0 1.04
 rotation matrix : 
0.768742 -0.63956        0
 0.63956 0.768742        0
       0        0        1
motoman_mh50_link_2_l position :   1.11147 0.0927361      1.04
 rotation matrix : 
   0.613657    -0.63956   -0.463021
   0.510536    0.768742   -0.385214
   0.602311 1.32299e-16    0.798262
motoman_mh50_link_3_u position : 0.708639  -0.2424  1.73449
 rotation matrix : 
-0.248942  -0.63956 -0.727318
-0.207109  0.768742 -0.605097
 0.946115         0 -0.323831
motoman_mh50_link_4_r position :  0.300737 -0.581757   2.63625
 rotation matrix : 
-0.248942 -0.223324 -0.942419
-0.207109  0.962819  -0.17345
 0.946115  0.152004 -0.285939
motoman_mh50_link_5_b position :  0.300737 -0.581757   2.63625
 rotation matrix : 
-0.0221212  -0.223324  -0.974493
 -0.160909   0.962819  -0.216996
  0.986721   0.152004 -0.0572336
motoman_mh50_link_6_t position :  0.300737 -0.581757   2.63625
 rotation matrix : 
-0.0221212  -0.650026    0.75959
 -0.160909  -0.747556  -0.644414
  0.986721   -0.13648 -0.0880582
Traj No.1 pathpoint 26
motoman_mh50_link_1_s position :    1    0 1.04
 rotation matrix : 
 0.750695 -0.660648         0
 0.660648  0.750695         0
        0         0         1
motoman_mh50_link_2_l position :  1.10885 0.095794     1.04
 rotation matrix : 
    0.587362    -0.660648    -0.467493
    0.516907     0.750695    -0.411417
    0.622747 -3.72943e-16     0.782423
motoman_mh50_link_3_u position :  0.702132 -0.262139   1.72071
 rotation matrix : 
 -0.296339  -0.660648   -0.68973
 -0.260793   0.750695  -0.606996
  0.918788 1.6799e-17  -0.394752
motoman_mh50_link_4_r position : 0.253541 -0.65692  2.57957
 rotation matrix : 
-0.296339 -0.241577 -0.924026
-0.260793  0.951183  -0.16504
 0.918788  0.192071 -0.344874
motoman_mh50_link_5_b position : 0.253541 -0.65692  2.57957
 rotation matrix : 
-0.0633812  -0.241577   -0.96831
 -0.212978   0.951183  -0.223364
  0.974999   0.192071  -0.111738
motoman_mh50_link_6_t position : 0.253541 -0.65692  2.57957
 rotation matrix : 
-0.0633812  -0.563734   0.823521
 -0.212978   -0.79853  -0.563019
  0.974999  -0.211076 -0.0694511
Traj No.1 pathpoint 27
motoman_mh50_link_1_s position :    1    0 1.04
 rotation matrix : 
 0.732071 -0.681228         0
 0.681228  0.732071         0
        0         0         1
motoman_mh50_link_2_l position :   1.10615 0.0987781      1.04
 rotation matrix : 
   0.560812   -0.681228   -0.470551
   0.521863    0.732071   -0.437871
   0.642767 2.33683e-16    0.766062
motoman_mh50_link_3_u position : 0.696771 -0.28217  1.70647
 rotation matrix : 
   -0.339237    -0.681228    -0.648727
   -0.315677     0.732071    -0.603672
    0.886152 -5.95753e-17    -0.463394
motoman_mh50_link_4_r position :  0.21282 -0.73251  2.51747
 rotation matrix : 
-0.339237   -0.2619 -0.903508
-0.315677  0.936462 -0.152926
 0.886152  0.233338 -0.400359
motoman_mh50_link_5_b position :  0.21282 -0.73251  2.51747
 rotation matrix : 
-0.100936   -0.2619 -0.959802
 -0.26703  0.936462 -0.227449
 0.958388  0.233338 -0.164458
motoman_mh50_link_6_t position :  0.21282 -0.73251  2.51747
 rotation matrix : 
 -0.100936  -0.468262   0.877806
  -0.26703  -0.837186  -0.477299
  0.958388  -0.282577 -0.0405378
Traj No.1 pathpoint 28
motoman_mh50_link_1_s position :    1    0 1.04
 rotation matrix : 
 0.712883 -0.701283         0
 0.701283  0.712883         0
        0         0         1
motoman_mh50_link_2_l position :  1.10337 0.101686     1.04
 rotation matrix : 
 0.534084 -0.701283 -0.472183
 0.525394  0.712883   -0.4645
 0.662357         0  0.749189
motoman_mh50_link_3_u position :  0.692569 -0.302429   1.69179
 rotation matrix : 
    -0.37737    -0.701283    -0.604808
    -0.37123     0.712883    -0.594968
    0.848398 -5.22517e-17    -0.529358
motoman_mh50_link_4_r position :  0.178755 -0.807883   2.45024
 rotation matrix : 
 -0.37737 -0.284171 -0.881384
 -0.37123  0.918357 -0.137147
 0.848398  0.275441 -0.452053
motoman_mh50_link_5_b position :  0.178755 -0.807883   2.45024
 rotation matrix : 
-0.134471 -0.284171 -0.949297
-0.322621  0.918357 -0.229209
 0.936927  0.275441 -0.215172
motoman_mh50_link_6_t position :  0.178755 -0.807883   2.45024
 rotation matrix : 
 -0.134471  -0.365001   0.921245
 -0.322621  -0.862908   -0.38898
  0.936927   -0.34952 -0.0017208
Traj No.1 pathpoint 29
motoman_mh50_link_1_s position :    1    0 1.04
 rotation matrix : 
 0.693145 -0.720798         0
 0.720798  0.693145         0
        0         0         1
motoman_mh50_link_2_l position :  1.10051 0.104516     1.04
 rotation matrix : 
 0.507253 -0.720798 -0.472381
 0.527491  0.693145 -0.491227
 0.681504         0  0.731814
motoman_mh50_link_3_u position :  0.689535 -0.322852   1.67668
 rotation matrix : 
  -0.410525   -0.720798   -0.558497
  -0.426903    0.693145   -0.580778
   0.805743 2.26338e-17   -0.592265
motoman_mh50_link_4_r position :  0.151462 -0.882391   2.37819
 rotation matrix : 
-0.410525 -0.308221 -0.858178
-0.426903  0.896592   -0.1178
 0.805743  0.317999 -0.499654
motoman_mh50_link_5_b position :  0.151462 -0.882391   2.37819
 rotation matrix : 
-0.163708 -0.308221 -0.937123
-0.379276  0.896592 -0.228633
 0.910686  0.317999  -0.26368
motoman_mh50_link_6_t position :  0.151462 -0.882391   2.37819
 rotation matrix : 
-0.163708 -0.255512  0.952845
-0.379276 -0.875337 -0.299892
 0.910686 -0.410486 0.0463904
Traj No.1 pathpoint 30
motoman_mh50_link_1_s position :    1    0 1.04
 rotation matrix : 
 0.672873 -0.739758         0
 0.739758  0.672873         0
        0         0         1
motoman_mh50_link_2_l position :  1.09757 0.107265     1.04
 rotation matrix : 
    0.480399    -0.739758    -0.471143
    0.528151     0.672873    -0.517975
    0.700196 -1.00519e-16     0.713951
motoman_mh50_link_3_u position :  0.687672 -0.343374   1.66114
 rotation matrix : 
  -0.438545   -0.739758    -0.51033
  -0.482137    0.672873   -0.561057
   0.758434 -7.7327e-17    -0.65175
motoman_mh50_link_4_r position :  0.130994 -0.955386   2.30166
 rotation matrix : 
 -0.438545  -0.333834  -0.834406
 -0.482137   0.870925 -0.0950445
  0.758434   0.360617  -0.542894
motoman_mh50_link_5_b position :  0.130994 -0.955386   2.30166
 rotation matrix : 
 -0.18841 -0.333834  -0.92361
-0.436494  0.870925  -0.22575
 0.879758  0.360617 -0.309807
motoman_mh50_link_6_t position :  0.130994 -0.955386   2.30166
 rotation matrix : 
 -0.18841 -0.141493  0.971844
-0.436494 -0.874391 -0.211927
 0.879758 -0.464133  0.102983
Traj No.1 pathpoint 31
motoman_mh50_link_1_s position :    1    0 1.04
 rotation matrix : 
 0.652083 -0.758147         0
 0.758147  0.652083         0
        0         0         1
motoman_mh50_link_2_l position :  1.09455 0.109931     1.04
 rotation matrix : 
   0.453596   -0.758147   -0.468469
   0.527375    0.652083   -0.544668
   0.718419 9.93303e-17     0.69561
motoman_mh50_link_3_u position :  0.686984 -0.363929   1.64518
 rotation matrix : 
 -0.46133 -0.758147 -0.460855
-0.536367  0.652083 -0.535815
 0.706743         0  -0.70747
motoman_mh50_link_4_r position : 0.117341 -1.02623  2.22102
 rotation matrix : 
  -0.46133  -0.360755  -0.810574
 -0.536367   0.841152 -0.0690963
  0.706743   0.402889  -0.581545
motoman_mh50_link_5_b position : 0.117341 -1.02623  2.22102
 rotation matrix : 
-0.208381 -0.360755 -0.909084
-0.493752  0.841152 -0.220619
 0.844267  0.402889 -0.353403
motoman_mh50_link_6_t position : 0.117341 -1.02623  2.22102
 rotation matrix : 
 -0.208381 -0.0247392   0.977735
 -0.493752  -0.860279  -0.126999
  0.844267  -0.509222   0.167051
Traj No.1 pathpoint 32
motoman_mh50_link_1_s position :    1    0 1.04
 rotation matrix : 
 0.630791 -0.775953         0
 0.775953  0.630791         0
        0         0         1
motoman_mh50_link_2_l position :  1.09146 0.112513     1.04
 rotation matrix : 
    0.426922    -0.775953    -0.464365
    0.525168     0.630791    -0.571227
    0.736163 -9.81125e-17     0.676805
motoman_mh50_link_3_u position :  0.687467 -0.384455   1.62882
 rotation matrix : 
   -0.478836    -0.775953    -0.410626
   -0.589029     0.630791    -0.505122
    0.650969 -3.18797e-17    -0.759104
motoman_mh50_link_4_r position : 0.110429 -1.09428  2.13665
 rotation matrix : 
 -0.478836  -0.388686  -0.787172
 -0.589029    0.80711 -0.0402258
  0.650969   0.444405  -0.615421
motoman_mh50_link_5_b position : 0.110429 -1.09428  2.13665
 rotation matrix : 
-0.223472 -0.388686 -0.893859
-0.550511   0.80711 -0.213332
 0.804362  0.444405 -0.394343
motoman_mh50_link_6_t position : 0.110429 -1.09428  2.13665
 rotation matrix : 
 -0.223472  0.0928901   0.970274
 -0.550511  -0.833504 -0.0469967
  0.804362  -0.544649   0.237402
Traj No.1 pathpoint 33
motoman_mh50_link_1_s position :    1    0 1.04
 rotation matrix : 
 0.609013 -0.793161         0
 0.793161  0.609013         0
        0         0         1
motoman_mh50_link_2_l position :  1.08831 0.115008     1.04
 rotation matrix : 
 0.400454 -0.793161 -0.458839
  0.52154  0.609013 -0.597578
 0.753414         0  0.657547
motoman_mh50_link_3_u position :  0.689117 -0.404885   1.61207
 rotation matrix : 
  -0.491079   -0.793161   -0.360192
  -0.639567    0.609013   -0.469103
   0.591435 1.02591e-16   -0.806352
motoman_mh50_link_4_r position : 0.110121 -1.15895  2.04895
 rotation matrix : 
 -0.491079  -0.417299  -0.764659
 -0.639567   0.768686 -0.0087541
  0.591435   0.484752  -0.644376
motoman_mh50_link_5_b position : 0.110121 -1.15895  2.04895
 rotation matrix : 
-0.233584 -0.417299 -0.878237
 -0.60622  0.768686 -0.204009
 0.760221  0.484752 -0.432527
motoman_mh50_link_6_t position : 0.110121 -1.15895  2.04895
 rotation matrix : 
-0.233584  0.209519  0.949495
 -0.60622 -0.794863 0.0262619
 0.760221 -0.569468  0.312682
Traj No.1 pathpoint 34
motoman_mh50_link_1_s position :    1    0 1.04
 rotation matrix : 
 0.586765 -0.809757         0
 0.809757  0.586765         0
        0         0         1
motoman_mh50_link_2_l position :  1.08508 0.117415     1.04
 rotation matrix : 
 0.374267 -0.809757 -0.451904
 0.516503  0.586765 -0.623644
 0.770162         0  0.637849
motoman_mh50_link_3_u position :  0.691925 -0.425155   1.59493
 rotation matrix : 
   -0.49813   -0.809757   -0.310097
  -0.687437    0.586765   -0.427945
   0.528485 -1.7511e-16   -0.848943
motoman_mh50_link_4_r position : 0.116221 -1.21965  1.95835
 rotation matrix : 
 -0.49813 -0.446233 -0.743467
-0.687437  0.725815 0.0249517
 0.528485  0.523516 -0.668307
motoman_mh50_link_5_b position : 0.116221 -1.21965  1.95835
 rotation matrix : 
-0.238664 -0.446233 -0.862505
 -0.66032  0.725815 -0.192796
 0.712051  0.523516 -0.467883
motoman_mh50_link_6_t position : 0.116221 -1.21965  1.95835
 rotation matrix : 
-0.238664  0.323294  0.915708
 -0.66032 -0.745441 0.0910788
 0.712051 -0.582923  0.391388
Traj No.1 pathpoint 35
motoman_mh50_link_1_s position :    1    0 1.04
 rotation matrix : 
0.564065 -0.82573        0
 0.82573 0.564065        0
       0        0        1
motoman_mh50_link_2_l position :  1.08179 0.119731     1.04
 rotation matrix : 
 0.348437  -0.82573 -0.443578
 0.510074  0.564065 -0.649349
 0.786394         0  0.617725
motoman_mh50_link_3_u position :  0.695877 -0.445203   1.57742
 rotation matrix : 
   -0.500117     -0.82573     -0.26087
   -0.732116     0.564065    -0.381885
    0.462482 -1.93041e-16    -0.886629
motoman_mh50_link_4_r position : 0.128474 -1.27582  1.86527
 rotation matrix : 
-0.500117 -0.475105 -0.723988
-0.732116  0.678489  0.060484
 0.462482  0.560292 -0.687156
motoman_mh50_link_5_b position : 0.128474 -1.27582  1.86527
 rotation matrix : 
-0.238715 -0.475105  -0.84693
-0.712252  0.678489  -0.17986
 0.660085  0.560292  -0.50036
motoman_mh50_link_6_t position : 0.128474 -1.27582  1.86527
 rotation matrix : 
-0.238715  0.432432  0.869493
-0.712252 -0.686589  0.145922
 0.660085 -0.584464    0.4719
Traj No.1 pathpoint 36
motoman_mh50_link_1_s position :    1    0 1.04
 rotation matrix : 
 0.540931 -0.841067         0
 0.841067  0.540931         0
        0         0         1
motoman_mh50_link_2_l position :  1.07844 0.121955     1.04
 rotation matrix : 
    0.323038    -0.841067    -0.433882
    0.502275     0.540931    -0.674621
    0.802101 -9.29688e-17     0.597188
motoman_mh50_link_3_u position :  0.700958 -0.464965   1.55955
 rotation matrix : 
   -0.49722   -0.841067   -0.213022
  -0.773103    0.540931   -0.331218
   0.393807 5.23506e-17   -0.919193
motoman_mh50_link_4_r position : 0.146572 -1.32695  1.77017
 rotation matrix : 
 -0.49722 -0.503516 -0.706572
-0.773103  0.626758 0.0974003
 0.393807  0.594682 -0.700906
motoman_mh50_link_5_b position : 0.146572 -1.32695  1.77017
 rotation matrix : 
-0.233788 -0.503516 -0.831754
 -0.76146  0.626758 -0.165388
 0.604584  0.594682 -0.529936
motoman_mh50_link_6_t position : 0.146572 -1.32695  1.77017
 rotation matrix : 
-0.233788   0.53526   0.81169
 -0.76146 -0.619903  0.189468
 0.604584 -0.573774  0.552505
Traj No.1 pathpoint 37
motoman_mh50_link_1_s position :    1    0 1.04
 rotation matrix : 
 0.517381 -0.855755         0
 0.855755  0.517381         0
        0         0         1
motoman_mh50_link_2_l position :  1.07502 0.124085     1.04
 rotation matrix : 
   0.298141   -0.855755   -0.422841
    0.49313    0.517381   -0.699385
   0.817272 9.16197e-17    0.576252
motoman_mh50_link_3_u position :  0.707149 -0.484381   1.54134
 rotation matrix : 
  -0.489674   -0.855755    -0.16704
